6110
12781
16771
4340
22235
21869
1556
12499
24560
5074
9698
15526
24804
1604
8154
17358
1537
11977
6200
3110
21624
22867
15009
8179
6298
9243
13757
10090
17375
22007
4761
7584
10197
9381
9730
11265
13884
23021
12113
13598
1389
8005
6078
1470
9598
11618
8607
20157
17580
11965
22506
10807
15886
24409
22705
10176
6384
24309
19749
8985
13318
1320
18730
7413
2606
10845
5564
20469
6815
4952
13692
22621
23584
20962
19941
6645
9017
24378
23248
10101
8128
6184
16745
19137
13151
9009
4980
12805
2052
9330
14295
8701
7730
22787
6783
5258
4884
5208
12588
7693
2772
19685
15304
15356
4023
10652
19719
8902
6416
22058
1909
3943
4768
18998
13824
72
11810
16670
8558
3988
646
13485
17772
7751
19418
4004
4463
6975
10177
12728
12460
18634
15160
4255
3842
21634
14330
14367
23784
185
102
15802
14983
6378
15561
23982
12837
22629
5972
24202
24879
12642
6281
12119
11972
11841
20969
11247
12302
21614
6464
22289
461
9749
24875
12387
17430
23054
23915
20575
4481
13494
5563
2820
22911
23574
24945
1788
22311
313
12524
786
12391
967
5737
1108
15117
2183
11423
13750
22011
16773
18959
22981
23935
6873
5945
17422
14144
6503
10484
2278
7958
11879
20696
10615
4790
12808
17835
20439
2754
13274
12793
5966
6245
15385
4482
14281
5140
17140
22152
3440
15758
5380
23084
800
994
16293
23337
18382
9440
23306
13196
1345
858
21019
14656
10472
22356
3872
2180
21079
9815
21177
19319
15825
17490
738
9777
14031
16706
4539
24963
704
15985
22271
23158
24941
22676
12614
1226
5921
17587
16391
12878
19762
1405
19215
11074
4989
17457
18256
13627
18334
20148
6710
5838
10372
18917
5194
6678
9052
15837
14963
10356
1823
9726
9366
6802
15771
19244
11207
6078
24347
3337
17269
5350
6667
23664
24515
13710
150
6653
1555
9592
12499
19393
16462
22271
10539
8112
16789
15089
4055
12152
17661
539
22136
17944
16249
3576
23922
18576
13013
23061
12138
10689
15562
10147
17175
8818
17122
18411
2082
18022
16378
12913
1605
22609
15189
5255
1525
20571
3447
11255
9343
10319
20168
3228
17226
2276
18787
5989
14787
22546
20547
9175
20168
2211
13433
8743
2344
4067
3778
15438
19583
165
18054
18582
13089
14559
17821
10072
4517
9292
13786
21583
21206
9515
2683
20214
20367
14716
19135
4303
12143
7715
23544
3573
1064
20569
11101
15409
15726
15166
15959
3
13666
2091
11587
2055
13722
1963
106
19552
20532
19425
9755
12927
13363
5585
20348
21057
14192
5297
11999
17645
23487
1033
11562
23296
12533
633
14518
18839
12763
20245
18866
15798
15049
802
14641
132
5444
19514
1396
193
387
5209
3820
2061
5316
24093
5824
11457
23610
12287
13076
15402
10010
1803
8245
12627
20260
20667
23643
6577
18458
17365
14216
20933
24471
8973
24131
3184
16545
10562
9824
11250
3207
4701
987
4425
21707
24887
935
8608
17394
24127
16959
6355
14624
9895
17914
13702
10803
10565
20782
20143
20829
23485
10922
16676
8977
2058
7360
11433
15172
16237
22536
801
18230
17520
1740
14731
881
3181
1618
1830
4254
153
15996
13769
17277
5705
19690
8064
21009
411
15624
8145
16894
18123
1045
18084
17842
5139
16135
14477
3904
11995
10379
14474
19076
1167
20340
3013
10715
11756
13783
12803
12905
16038
11736
15914
20173
3350
18781
22005
15662
14247
12005
11643
3220
8150
603
2661
1035
16564
651
9009
6441
12789
17379
24621
2157
15425
19508
4737
8362
8913
10992
7999
14491
822
6427
20636
16767
24702
8619
14120
11388
665
1618
9430
3270
4671
3823
4784
1246
9744
16065
21995
13211
19428
13641
10572
9722
24645
10505
23484
8718
17202
5378
24893
24854
891
3436
3039
15988
4598
13277
2470
10219
14021
8111
9941
23086
22493
13955
17047
20877
23754
11121
5253
10792
4772
9981
12732
15393
1740
24937
24533
16422
4581
4546
2185
4705
616
8344
20638
18434
11441
1797
15380
20400
987
14290
24095
11227
10914
70
18525
14739
6874
11812
12310
5250
1699
20469
12383
5036
22528
4405
16469
24013
20161
9761
15800
8301
5130
18499
19512
24488
343
6066
5004
20096
14653
6992
16187
14507
4424
8311
832
17213
5393
18225
19490
24505
2901
8310
14587
1791
7241
17044
10322
19967
3521
15316
20356
19950
17459
10435
12987
22969
12301
14567
23510
19204
20583
19030
6910
17364
13304
19268
4932
9571
22055
20609
8281
7369
17619
16691
3235
5879
22212
22802
2262
23573
19653
17087
16766
5582
1188
12797
16497
8467
388
10125
3273
4991
18066
16141
18825
1684
9926
20754
12345
22993
6476
22689
23809
4820
3641
17113
3470
13456
24171
9520
193
11206
6628
10343
225
1847
4086
10762
3510
1098
7673
16486
19117
7653
3543
18088
10607
9228
21050
19120
13038
8634
19355
20537
16063
19609
6676
24537
4934
18952
7722
1183
17010
18861
18929
3331
16526
16271
9879
20480
23654
7931
17108
19893
24845
19932
15044
8978
259
3856
1166
23226
5433
985
14008
15314
20543
3222
24549
16954
1618
16998
12488
4546
9396
43
11436
2807
8365
5522
12491
14960
17521
7146
23316
18553
14071
9370
18125
1531
22605
3490
16972
19139
18428
3014
21223
17959
17149
10296
15252
7503
11618
16474
13839
9384
4246
23042
22869
11323
5838
5377
15281
15910
10423
4952
10523
10088
1705
17824
13743
7545
13208
1569
16048
6816
6913
21345
13909
5742
363
7345
14633
10541
20145
15696
12841
20300
24809
2017
23614
1591
22337
997
24420
9173
1002
2499
17565
5568
21010
7525
2339
8529
1476
19638
10380
17156
12415
4821
16707
21715
10707
23711
1813
9828
9523
10029
14901
14006
7816
13683
4252
11786
23191
9263
11682
4669
10849
22411
16925
21873
12478
9247
2623
7159
4890
6736
5334
20632
9311
14987
2148
19691
10645
13851
5013
4432
6625
20991
14598
4783
6806
19214
19285
6976
40
23421
6693
21090
13518
14095
14016
22462
13531
22458
19252
23333
2672
6176
14644
17617
14607
13766
1510
14500
22759
5104
20227
5632
5975
15653
18122
9563
582
10258
1256
23814
8614
12695
898
17423
12938
20211
17507
11154
9725
16734
12950
9296
