22506
1897
23380
7708
11855
20418
22272
7463
11731
6596
19493
3399
9753
19727
6176
20389
19464
16163
12116
3670
13973
13195
10105
8326
10728
24179
6452
9406
887
8954
21085
8055
4944
19452
22280
3870
22503
24708
6480
20882
14443
5911
17686
22459
309
21358
18126
9039
14317
13096
7408
24264
5997
17746
14545
6462
15184
15360
17507
3062
24873
1650
24477
15976
14440
10945
9867
14889
4361
8157
1795
17899
14242
9369
18016
15634
20441
8362
7600
23907
10120
22893
19836
9796
14949
3911
21203
3392
23749
22709
23449
17659
16873
14972
20692
10065
1686
17004
13543
19332
3024
13440
3530
19908
22882
1882
1494
17942
13678
2500
19741
19726
12428
19413
1553
15704
2360
19692
3520
18915
20016
18619
14254
13550
6564
14833
20201
20260
9529
5957
20658
11513
17109
7250
5377
4153
11669
4537
19141
21136
24533
3546
8068
8884
4088
15317
6901
19378
10307
17372
1769
3427
4804
22268
11813
4652
1248
24259
14455
15299
9732
3299
23915
280
9768
851
21067
19258
778
9025
15669
9208
22878
5903
3511
19056
2680
13493
21732
8932
18503
6311
6133
17744
23810
21787
13398
5743
19763
848
14864
14154
11882
24288
6469
11745
22144
1966
21884
354
18540
13975
18056
18656
12574
10143
8253
21810
8376
9329
19595
22848
6909
18921
5189
20926
23057
5945
12427
6584
1132
23146
18256
8216
10119
14742
5044
9457
10284
10469
8402
16758
18092
19042
24531
7277
11579
15047
7043
24355
19289
4192
13498
3346
12875
24829
12763
17142
2831
15952
13770
3781
23456
17543
17313
6361
6742
10240
15012
22569
23965
21414
1802
8598
15690
22680
16719
23060
5919
3787
8321
1553
8457
14816
12922
8042
12244
17972
13634
20791
3643
6952
23672
19132
24663
11932
15120
19552
12926
1015
16377
11990
981
19358
1837
11513
1048
17389
19138
20232
3387
10811
10899
19026
8828
3083
16627
2489
12103
11338
5475
18314
17788
9633
14704
9895
19920
23562
712
5638
5383
9287
23828
20035
3824
5509
10593
21779
513
13923
7956
5748
20381
11254
13496
97
2145
11300
14981
16186
10779
2903
6918
7857
95
2661
6680
13001
10815
390
14907
8252
9977
5982
10317
14759
19427
98
18767
11290
6354
17546
6880
18809
9886
2729
16666
8442
15625
16026
14183
16363
19011
16896
9886
811
22183
18113
9444
12487
5301
5011
20844
7052
3321
22701
10627
16913
13431
5032
5565
4315
4360
24731
21474
7850
6052
17516
12266
11717
20115
8390
19053
17598
15746
1990
4111
19204
22554
8328
11952
7274
18332
2315
4028
994
20449
8455
3446
11455
16842
5430
736
8313
15680
17138
12459
13186
9721
10031
2147
2870
18303
8721
23922
9868
20024
24677
14115
21106
22851
6651
4953
13178
9894
11115
408
16319
19696
7045
11370
14863
23933
19631
7398
13729
23331
3138
22208
3749
11135
16977
21947
4083
17993
14318
23448
1680
15078
24970
24290
12223
2954
12201
2780
7789
12904
12775
369
12650
23255
7715
24278
16258
2871
15192
17910
13219
24239
10813
16217
4389
5453
15407
8367
11850
1642
19874
8258
16134
24603
19135
4523
8957
2519
18415
14259
3723
6847
19533
12919
18039
311
5356
5027
17073
15797
20917
2251
18383
20312
17699
5916
24452
17114
9401
1564
16812
10388
16091
16864
2931
22539
3291
19585
489
11433
20725
11648
17695
23872
20051
14578
17315
11056
20457
553
4715
18897
19438
2264
15714
24870
5310
22032
8047
1727
1939
11104
7569
11725
13133
24517
2818
9246
13549
18897
20220
14490
18610
10761
18916
23518
1106
7063
8131
16767
19909
11822
10279
6936
1774
5966
12878
291
15578
16667
10863
198
22165
8857
12148
1059
21691
12471
20003
20657
3913
22836
24594
18813
17923
23368
6258
20662
21653
4827
20176
18900
13538
18893
11372
20082
13556
23409
852
20666
4783
20013
24427
12134
8014
15988
9213
22400
3188
13628
16215
19023
10649
10373
5093
14929
6894
24333
16243
20296
6984
5647
19646
8591
18259
9425
14741
23603
21371
7813
19059
20242
11261
14795
22763
13540
18368
12020
542
10648
21754
12774
8466
21595
12464
5931
6166
718
18729
16071
4257
4359
22659
21322
23579
13516
22253
14433
622
11150
23500
21514
16326
20404
5987
22943
17451
7522
9462
7988
14639
14796
437
5714
17013
16630
22155
22663
11856
6983
12039
22190
7807
2606
24989
12699
4632
6014
770
11734
11234
8127
3909
20144
10398
19086
3619
23563
20095
1346
13086
9383
15147
14536
12207
15554
13967
23994
21402
12
13753
13446
6994
7900
18593
22477
14628
23032
18134
4695
1376
7014
16363
3909
3570
22091
9775
3596
11319
16554
9124
7751
1235
9289
17610
16239
15153
18852
20821
24523
20299
21525
16640
18345
24885
20846
7205
16308
17967
7361
5
1026
13828
23119
9564
13452
19121
13818
6331
17916
15099
16465
10779
5082
8274
439
22375
22829
4576
3383
16926
23846
4574
16505
13053
19666
3476
7845
295
17895
24416
13704
3773
2150
16724
14018
7151
9091
4436
24495
2672
5363
3026
486
1063
7545
2139
17637
3897
8724
23547
14904
23835
18946
21201
4376
9554
10397
7643
10174
13954
12970
7703
511
8598
5482
5022
8986
13578
22403
23026
5378
2683
5773
4837
1337
6423
19709
12926
15608
10417
395
1377
4116
10883
20920
13474
17033
24094
3979
23928
3303
2162
22256
19668
20510
1227
24159
1590
23923
16538
24534
5362
1171
20681
1756
18181
17949
18601
21085
23182
2153
9735
1380
19329
1215
6413
12739
21311
19082
202
15283
5760
23176
6584
10986
267
14025
385
9716
7013
23972
19588
10524
22219
24767
3133
16713
5554
2441
8681
11339
10583
23235
16540
21075
11619
21449
12933
24881
5440
21945
11655
6404
1481
5056
11610
2416
1074
8077
366
21695
16636
18614
24392
13755
19027
6711
8049
10492
15497
15963
6629
20699
3037
22760
4917
23506
11694
12115
19333
2943
12637
18210
10438
15665
6790
20295
5215
11737
23135
20320
10029
18317
6106
2434
12567
5225
1612
24409
4864
12203
15488
8670
7315
24723
12733
1184
14999
5944
5210
15518
20629
19970
3050
17082
23790
23220
1643
5962
1603
17210
4958
14957
7423
15229
12556
175
3400
8550
2144
20052
3427
