13265
5832
22376
15819
811
3531
19572
16874
10162
3301
633
6498
10287
23956
4861
14026
16408
15002
23480
24674
20404
8454
17101
13456
20179
22140
13255
3555
14933
5169
4915
8144
6512
6120
23041
7180
561
4822
23789
3469
11076
3079
23001
3108
14724
23739
19317
23549
5527
11629
12909
13696
9525
24776
17347
4861
8443
14757
17385
10316
18878
3417
21137
2934
8387
20662
8470
8451
16167
20748
16448
4566
10578
10949
15860
6858
24435
1899
16731
10068
14033
9141
11826
24667
1946
3488
11544
13835
8829
8255
14627
10549
24290
1692
21059
10724
3125
11799
460
8893
19597
8836
6776
9544
18334
20526
19939
5350
20632
828
9186
23359
24176
1781
13423
11236
21685
11084
19737
7425
5251
1118
17545
1865
13828
4717
4312
9610
4854
13026
3507
7021
7714
17165
11125
4005
5337
298
19209
24668
16515
1827
1297
14682
14757
5366
12495
5487
6122
1853
16201
3712
12220
6687
7371
10810
6668
15560
10658
21822
9291
3529
21962
15907
15602
2922
16243
12913
17377
15052
6005
16603
11471
11976
24905
3396
24357
16275
11434
12460
10861
4262
24782
185
3697
23018
22691
23722
19966
19412
143
22325
24951
10916
16485
2907
12694
13338
24924
13743
6604
22401
14532
4551
23983
4591
19484
9157
23212
5376
10993
9904
11799
13865
9146
13707
12001
2003
20596
5536
16204
8479
5229
18735
6601
1546
16586
20762
15918
23702
19636
15032
17960
19278
5316
22006
17669
12783
24201
21746
13868
20529
5451
11788
3641
8992
13525
13790
4754
10801
16349
21796
7050
16767
5953
10856
9704
12959
16456
18761
22078
22923
18073
14305
22269
7322
21255
12627
18434
20247
15178
8607
19144
15490
2002
10752
15911
23873
8229
21032
8463
16636
16841
2172
12421
17603
22490
12434
10159
20755
23798
12392
20918
12151
4259
972
12975
10122
6014
3950
9285
653
3024
6432
3136
4799
12047
23547
11521
22925
10592
6474
2444
2849
3643
22190
1495
7982
20484
11008
1528
12739
2357
11056
13547
22704
22917
2133
6368
11582
10976
3531
23047
7113
16565
20962
8283
8168
21207
14497
6990
20020
14007
20652
12879
14418
15432
18404
20227
10990
24904
13968
7444
24645
6258
15737
4680
16596
2814
24031
4875
6420
22918
6131
14963
19311
8599
8463
9769
15412
4114
7174
21066
24663
21727
3865
1721
12454
13142
1706
1963
479
15237
5486
4397
3650
4379
6842
9777
10233
4400
5449
21819
480
19224
5914
10749
7456
4590
20521
8625
5713
19684
14516
5066
439
24937
14209
13880
7642
16758
16207
15057
15907
15103
10936
24438
16290
11412
20452
8512
3391
882
7974
8257
23510
5520
2367
5394
19795
8236
24859
12847
11176
18815
19302
1331
12494
14989
18111
18354
16992
12761
23509
10483
19734
18352
22075
8
21516
3721
14929
4580
4856
23204
15999
7024
14890
16267
2937
15877
1219
7559
15894
13625
4047
4220
11062
9903
752
46
14588
20262
2028
21478
22155
15593
24339
13352
6163
20728
14049
3891
12431
13470
12423
14473
3684
9015
18086
18714
5403
19603
24789
20162
21104
24481
3185
2480
17184
10949
11095
9782
17311
21463
9319
23119
13818
17538
23931
22540
11564
2354
11186
13298
19561
15744
8961
3626
20414
3778
11386
4596
2985
11440
18682
15129
3445
20653
990
14269
22058
11192
15072
6601
15682
10076
10651
8491
24710
22811
24451
23999
16262
18644
24933
20570
23883
5198
24319
3647
1933
24928
1027
8494
15224
7632
17276
2883
6117
2383
19510
2188
3343
24714
22844
2026
1652
23589
18004
5869
8481
24146
16811
2252
14877
10991
4921
21325
14092
18230
18169
10212
19149
7778
19984
6447
12898
7434
21333
10891
7880
9384
4686
4312
2115
7668
8960
10214
22717
23496
8799
15134
194
19006
9068
10060
10830
72
7025
20918
9380
22362
7626
9424
13189
5896
24092
13785
8949
14341
8529
19682
21554
18977
6196
17125
13427
22529
9732
18451
18657
11141
20449
17359
847
12488
2626
5052
21037
3569
8631
20187
18915
15915
5712
994
8936
1153
20011
19854
17483
16847
12814
2298
23184
5326
10994
8238
11722
9378
15111
10936
8861
23525
13172
4846
22651
19769
24803
4572
16116
23006
2511
3766
15356
156
12208
4977
6457
24479
1626
18677
17034
11419
584
17771
15050
14228
23393
17466
13943
20388
12696
706
23819
1042
15239
10874
20695
17444
11959
16316
8710
19610
9610
23616
16859
23646
3132
16881
7883
6365
15708
8604
985
15744
19595
14005
11204
14097
9181
9791
14819
13081
18756
7292
21349
22295
17717
604
15461
13356
21850
21254
8502
13201
18636
23107
20864
20558
16546
21144
24883
14843
13380
1927
24020
1441
16672
19601
22330
19886
20433
23766
4337
11395
22444
6080
2623
16602
4669
24799
22440
16240
7807
14759
20326
5958
19602
11386
11602
15211
22567
2635
22071
13726
3697
16550
4956
22053
14659
12795
4917
11585
14891
2025
3101
2428
330
10522
5789
1460
18204
22155
22749
19570
5055
16932
23907
11319
5081
18302
8511
22432
901
16098
17970
23774
19436
20624
5922
2499
6542
23830
13526
10238
8635
24357
17039
21291
17963
16939
2693
1160
13178
13818
11004
11647
5375
12374
68
1053
9675
16812
24238
9551
24409
9916
16741
1072
16720
4704
14066
8050
17444
21531
14773
3082
21142
18502
12329
127
6651
13946
6801
7609
19883
22056
6694
18000
7731
16061
6953
4899
13598
19551
21618
15060
4863
220
13042
13677
4350
2254
10460
5461
9894
18957
12397
23527
23488
4335
10317
12314
15384
10714
15822
20203
1135
18746
2457
15642
3441
11695
13559
10850
2645
24710
5556
16176
6645
24370
5374
21104
5203
23735
1053
8227
11707
9374
353
15712
10562
9658
8580
4027
8596
24342
19897
9406
1687
15165
6400
24889
17655
2526
21109
5429
3271
20123
7986
3237
160
2601
22730
10828
13312
1077
23140
9591
10719
12583
13071
7143
21902
8750
7892
21662
2186
8690
209
1785
20453
2131
12809
9938
10726
5284
17109
7404
12583
550
22652
1278
4417
554
6966
4515
19569
22795
3234
22079
18077
4855
10117
7172
19317
16279
18835
13154
23497
3777
7858
3080
20799
666
12369
15169
9766
6465
5389
17299
11962
5857
15181
17328
15959
18545
23781
